***    27
     46.0000         7.9700        -6.0400         8.0700      2047.5500     35
      4.7600       -21.8000         3.2500         0.4600     -1184.4800     67
      4.2800         2.2500       -53.6000        -1.1900     -1428.9300     32
      9.1000         1.0300        -8.9000       170.0000      2142.7100     12
***    27
     42.0000         7.2700         6.0400         8.8100       250.7500      5
     -2.8400      -159.0000         1.8000         1.0400      1282.5200     -8
      7.6500         3.7800       -91.4000         7.0600     -1067.6100     12
     -1.3200        -6.5800         9.3700        99.2000       456.0800      3
