***     5
    106.4000        -6.0600         4.5200         2.2600      -464.9400     -4
     -1.7300       -37.4000        -1.7100         1.0600      -191.9800      5
      9.1500        -3.8200       116.8000         3.0900       153.1800      2
     -8.5100        -4.1200        -9.5900       -72.6000       575.0600     -8
***     5
    177.2000         1.0500        -8.9700         0.7500       455.3400      3
      4.2600       185.8000         0.1300        -8.8600      -924.0400     -5
     -3.8100         5.2300      -189.0000        -4.8800     -1554.4600      8
      5.8200         3.8700        -2.4700        81.4000        59.7500      1
